loss:
[2.2528960704803467, 2.2000882625579834, 2.135758638381958, 2.0830376148223877, 1.9989312887191772, 1.9824068546295166, 1.945237636566162, 1.8936381340026855, 1.8904502391815186, 1.8322144746780396, 1.8125367164611816, 1.7697821855545044, 1.7362241744995117, 1.6867347955703735, 1.69966459274292, 1.6679275035858154, 1.606154441833496, 1.5960274934768677, 1.5268621444702148, 1.5189460515975952, 1.5145782232284546, 1.5156720876693726, 1.494375467300415, 1.4299101829528809, 1.4315904378890991, 1.4133895635604858, 1.3721702098846436, 1.3827258348464966, 1.3787611722946167, 1.3557156324386597, 1.3475732803344727, 1.2921743392944336, 1.3603568077087402, 1.3314276933670044, 1.256575107574463, 1.3341376781463623, 1.281130075454712, 1.2570207118988037, 1.271591067314148, 1.2616424560546875, 1.1925513744354248, 1.1824601888656616, 1.2747315168380737, 1.131290316581726, 1.139806866645813, 1.1680792570114136, 1.1651455163955688, 1.0848828554153442, 1.1079723834991455, 1.1232696771621704, 1.0984975099563599, 1.1171295642852783, 1.0863726139068604, 0.9883317351341248, 1.006290078163147, 1.0259723663330078, 1.0495350360870361, 1.10538911819458, 1.0944525003433228, 1.1073485612869263, 0.9913188219070435, 1.0021823644638062, 0.9648174047470093, 0.9818352460861206, 0.9390225410461426, 0.8870376944541931, 0.916729211807251, 0.9214841723442078, 0.9146584272384644, 0.9577987194061279, 0.9774006605148315, 0.9407323002815247, 0.9897341728210449, 0.9532136917114258, 1.0182609558105469, 0.8691176772117615, 0.9290668964385986, 0.8571720719337463, 0.8816336989402771, 0.9120884537696838, 0.8857758641242981, 0.8643383979797363, 0.8674520254135132, 0.8222061395645142, 0.8881859183311462, 0.8435644507408142, 0.8965635895729065, 0.8755057454109192, 0.8080872297286987, 0.8657045960426331, 0.8390781283378601, 0.8058131337165833, 0.7495051622390747, 0.7659227252006531, 0.7986223697662354, 0.8750084042549133, 0.7435739040374756, 0.8437091112136841, 0.8071933388710022, 0.6994948387145996]
 acc:
[0.1928, 0.2795, 0.4638, 0.3184, 0.6017, 0.4593, 0.6261, 0.5849,
0.6333, 0.7626, 0.6847, 0.6879, 0.7103, 0.617, 0.661, 0.7924, 0.7053, 0.7285, 0.741, 0.7791,
0.8008, 0.7592, 0.7601, 0.773, 0.8593, 0.8072, 0.7807, 0.7489, 0.6823, 0.7983, 0.8471, 0.8462,
 0.7283, 0.7791, 0.8337, 0.8453, 0.7985, 0.7891, 0.8001, 0.8057, 0.7872, 0.7998, 0.7256, 0.8029,
  0.8371, 0.809, 0.7931, 0.8651, 0.786, 0.8374, 0.854, 0.872, 0.8115, 0.8654, 0.8488, 0.8061,
  0.8359, 0.7849, 0.8207, 0.8368, 0.8355, 0.7962, 0.8587, 0.8001, 0.8517, 0.8307, 0.8471,
   0.8591, 0.8612, 0.8403, 0.7919, 0.847, 0.7975, 0.8394, 0.7837, 0.8428, 0.8003, 0.8478,
   0.8282, 0.8054, 0.8341, 0.8333, 0.8329, 0.8057, 0.8243, 0.8452, 0.7991, 0.7806, 0.8116,
    0.798, 0.8539, 0.8301, 0.8495, 0.8378, 0.8268, 0.7943, 0.8585, 0.8057, 0.8322, 0.8555]