loss: SIZE=16
[2.484654664993286, 2.1735284328460693, 1.4989935159683228, 1.2091118097305298, 1.0274990797042847, 0.757813036441803, 0.6316954493522644, 0.8059566617012024, 0.5059613585472107, 0.3631211817264557, 0.2637275755405426, 0.3148966431617737, 0.3574140965938568, 0.3762544095516205, 0.4094485342502594, 0.24839897453784943, 0.3085695207118988, 0.22645525634288788, 0.23064067959785461, 0.2240161895751953, 0.15548162162303925, 0.25340890884399414, 0.2567456364631653, 0.2595115303993225, 0.20832209289073944, 0.19283387064933777, 0.1943294256925583, 0.29240018129348755, 0.2232891321182251, 0.1730841100215912, 0.19629710912704468, 0.17310506105422974, 0.2313392162322998, 0.17392300069332123, 0.1551671326160431, 0.12933532893657684, 0.18682226538658142, 0.2219441831111908, 0.18056312203407288, 0.11403604596853256, 0.12313293665647507, 0.11537038534879684, 0.10697373002767563, 0.10156592726707458, 0.12125062197446823, 0.11856230348348618, 0.14835187792778015, 0.10918354243040085, 0.13737308979034424, 0.09954454749822617, 0.11128665506839752, 0.1352556347846985, 0.10454628616571426, 0.11377561092376709, 0.11232540011405945, 0.09771743416786194, 0.13764314353466034, 0.09188085049390793, 0.1560281366109848, 0.10949024558067322, 0.09740667790174484, 0.09821709245443344, 0.10249172151088715, 0.09297043085098267, 0.10322823375463486, 0.08379253000020981, 0.08073487132787704, 0.10906495153903961, 0.11009684205055237, 0.07869073003530502, 0.08919317275285721, 0.08176282048225403, 0.0984940156340599, 0.09827650338411331, 0.0922916904091835, 0.08709403872489929, 0.10113707929849625, 0.0732562467455864, 0.07576438039541245, 0.08243180811405182, 0.09676605463027954, 0.12789353728294373, 0.08436599373817444, 0.08244150876998901, 0.0989561602473259, 0.09340578317642212, 0.09129952639341354, 0.09087908267974854, 0.10326147824525833, 0.09414532780647278, 0.09265027940273285, 0.08660217374563217, 0.10201646387577057, 0.07392429560422897, 0.08253084868192673, 0.09838081151247025, 0.09609920531511307, 0.1048605740070343, 0.08508717268705368, 0.08841217309236526]
 acc:
[0.3222, 0.3178, 0.5504, 0.5915, 0.6445, 0.7236, 0.7679, 0.693, 0.8259, 0.8887, 0.9287, 0.9103,
0.883, 0.8762, 0.855, 0.9168, 0.8997, 0.9281, 0.925, 0.9265, 0.9533, 0.9194, 0.9161, 0.9148, 0.936,
0.9367, 0.9364, 0.9053, 0.9259, 0.9446, 0.936, 0.9428, 0.9265, 0.9464, 0.9491, 0.9585, 0.938, 0.929,
 0.9395, 0.9649, 0.9603, 0.9638, 0.9666, 0.9686, 0.9593, 0.9623, 0.9528, 0.9646, 0.9573, 0.9672, 0.9622,
  0.9551, 0.9649, 0.964, 0.9647, 0.9695, 0.9558, 0.9701, 0.9459, 0.964, 0.9674, 0.9669, 0.9662, 0.9704,
  0.9679, 0.9724, 0.975, 0.9644, 0.9639, 0.9753, 0.9705, 0.9733, 0.9675, 0.9682, 0.9699, 0.9709, 0.9672,
  0.9763, 0.9757, 0.9736, 0.9676, 0.9603, 0.9716, 0.9721, 0.9667, 0.9695, 0.9712, 0.9691, 0.9665, 0.9699,
  0.9708, 0.9743, 0.9682, 0.9768, 0.9749, 0.9712, 0.9677, 0.9648, 0.9724, 0.9723]