loss: size=16
[2.2835850715637207, 2.2652201652526855, 2.2484982013702393, 2.223660707473755, 2.2101616859436035, 2.198789358139038, 2.1824889183044434, 2.1784791946411133, 2.158564567565918, 2.149721622467041, 2.1456308364868164, 2.1387746334075928, 2.1241819858551025, 2.1234822273254395, 2.113302707672119, 2.105314254760742, 2.081928253173828, 2.090216875076294, 2.0734798908233643, 2.0651872158050537, 2.055635452270508, 2.0404534339904785, 2.0334911346435547, 2.0174405574798584, 2.021291732788086, 2.0197083950042725, 2.0141115188598633, 1.9811650514602661, 1.988681435585022, 1.9788806438446045, 1.9776121377944946, 1.9531582593917847, 1.9424042701721191, 1.9450300931930542, 1.9486068487167358, 1.9257310628890991, 1.935119390487671, 1.9238003492355347, 1.9372118711471558, 1.9417229890823364, 1.9218875169754028, 1.9237093925476074, 1.9088585376739502, 1.8987942934036255, 1.9091802835464478, 1.876796841621399, 1.8886773586273193, 1.8926876783370972, 1.8785535097122192, 1.8982818126678467, 1.8662770986557007, 1.8587584495544434, 1.8348721265792847, 1.8739490509033203, 1.8648760318756104, 1.8627437353134155, 1.8492110967636108, 1.8528774976730347, 1.8463568687438965, 1.8487308025360107, 1.8333923816680908, 1.8507050275802612, 1.8765205144882202, 1.8339929580688477, 1.7920114994049072, 1.8261040449142456, 1.8284566402435303, 1.8029775619506836, 1.8048619031906128, 1.7985405921936035, 1.8010892868041992, 1.8233699798583984, 1.8393582105636597, 1.8369683027267456, 1.7453380823135376, 1.7533824443817139, 1.7256126403808594, 1.7568374872207642, 1.7691259384155273, 1.7417640686035156, 1.7454571723937988, 1.7633399963378906, 1.7248601913452148, 1.74580717086792, 1.7734675407409668, 1.7453858852386475, 1.7101484537124634, 1.6994702816009521, 1.70893394947052, 1.7028720378875732, 1.7143123149871826, 1.7557734251022339, 1.7059118747711182, 1.6656408309936523, 1.6968516111373901, 1.714791178703308, 1.7431083917617798, 1.670155644416809, 1.7265411615371704, 1.709082841873169]
 acc:
[0.2111, 0.2279, 0.1983, 0.3209, 0.2673, 0.6695, 0.5943, 0.4687, 0.7016, 0.491, 0.6433,
0.5063, 0.6615, 0.5512, 0.6615, 0.5737, 0.7206, 0.638, 0.7081, 0.6244, 0.5208, 0.7112,
0.6468, 0.587, 0.6966, 0.6174, 0.6448, 0.788, 0.7601, 0.6993, 0.6663, 0.7181, 0.7152,
0.646, 0.7011, 0.753, 0.7492, 0.7033, 0.7984, 0.6899, 0.7237, 0.6811, 0.7558, 0.6324,
 0.6085, 0.751, 0.7513, 0.7541, 0.5685, 0.6484, 0.6638, 0.6551, 0.7616, 0.5278, 0.7243,
  0.5746, 0.6763, 0.7719, 0.7653, 0.7303, 0.6567, 0.6521, 0.6206, 0.6839, 0.6413, 0.5981,
   0.6517, 0.6024, 0.7609, 0.7379, 0.6735, 0.718, 0.5925, 0.628, 0.7409, 0.7399, 0.8087,
   0.7297, 0.696, 0.6163, 0.7056, 0.6904, 0.7616, 0.5892, 0.4858, 0.6804, 0.7658, 0.769,
   0.7211, 0.7788, 0.7745, 0.6724, 0.6616, 0.7984, 0.761, 0.7214, 0.6798, 0.7226, 0.6599, 0.6841]