loss:
[2.2758498191833496, 2.249966859817505, 2.222571611404419, 2.18982195854187, 2.150624990463257, 2.0979368686676025, 2.0590929985046387, 2.0418965816497803, 2.012766122817993, 1.975919485092163, 1.9548624753952026, 1.9570811986923218, 1.9140511751174927, 1.9442784786224365, 1.876840591430664, 1.844252586364746, 1.8132710456848145, 1.8332360982894897, 1.8579245805740356, 1.8089618682861328, 1.7589976787567139, 1.7373638153076172, 1.7461479902267456, 1.8143218755722046, 1.8066056966781616, 1.6952069997787476, 1.762764811515808, 1.7394648790359497, 1.6677582263946533, 1.690508246421814, 1.6545802354812622, 1.6371525526046753, 1.611216425895691, 1.6307780742645264, 1.6658289432525635, 1.6471258401870728, 1.5876201391220093, 1.5908565521240234, 1.5994458198547363, 1.492556095123291, 1.531040906906128, 1.5839616060256958, 1.5788573026657104, 1.5038435459136963, 1.5147502422332764, 1.5239511728286743, 1.6050548553466797, 1.4992655515670776, 1.5029486417770386, 1.4324699640274048, 1.4009618759155273, 1.4129831790924072, 1.424767255783081, 1.4829093217849731, 1.4077949523925781, 1.4707387685775757, 1.3639836311340332, 1.4060419797897339, 1.3570148944854736, 1.2925666570663452, 1.3690290451049805, 1.4186640977859497, 1.3618583679199219, 1.3426856994628906, 1.3521498441696167, 1.3905891180038452, 1.3251419067382812, 1.3191412687301636, 1.273361086845398, 1.312494158744812, 1.3413501977920532, 1.3116670846939087, 1.271101951599121, 1.353137731552124, 1.303090214729309, 1.2560687065124512, 1.2764456272125244, 1.289458155632019, 1.3585567474365234, 1.337708830833435, 1.3335455656051636, 1.380344271659851, 1.339257001876831, 1.2992746829986572, 1.3434994220733643, 1.3039321899414062, 1.435441255569458, 1.3677605390548706, 1.2009098529815674, 1.2625914812088013, 1.300085186958313, 1.324136734008789, 1.3067493438720703, 1.2418336868286133, 1.2340788841247559, 1.2182661294937134, 1.2356970310211182, 1.2072356939315796, 1.1645087003707886, 1.1575353145599365]
 acc:
[0.2564, 0.1946, 0.2299, 0.3213, 0.3553, 0.5944, 0.7751, 0.5181, 0.654, 0.4608,
 0.5936, 0.6627, 0.5887, 0.3459, 0.726, 0.6937, 0.741, 0.7279, 0.6152, 0.6768,
 0.7612, 0.7379, 0.7187, 0.5795, 0.5161, 0.7892, 0.6011, 0.63, 0.7917, 0.6608,
 0.6766, 0.6979, 0.7117, 0.756, 0.6091, 0.6337, 0.6782, 0.7024, 0.7633, 0.8457,
 0.8081, 0.6637, 0.6745, 0.6935, 0.729, 0.7342, 0.5448, 0.7566, 0.7364, 0.7714,
 0.7828, 0.6698, 0.7029, 0.635, 0.8015, 0.6615, 0.8019, 0.76, 0.79, 0.8473, 0.8064,
 0.6674, 0.7941, 0.7877, 0.7012, 0.7054, 0.8278, 0.729, 0.8147, 0.7318, 0.6889,
 0.7588, 0.7502, 0.7189, 0.7982, 0.8357, 0.8452, 0.728, 0.7572, 0.7163, 0.6946,
  0.6509, 0.6925, 0.6779, 0.6333, 0.7167, 0.5779, 0.6653, 0.7933, 0.7804, 0.6928,
   0.7036, 0.6957, 0.7172, 0.7426, 0.7406, 0.6582, 0.7558, 0.8139, 0.8158]