loss:
[1.8030107021331787, 1.997122049331665, 0.7650968432426453, 0.7411843538284302, 0.3788014054298401, 0.40469104051589966, 0.24969898164272308, 0.3108246922492981, 0.2737191617488861, 0.21074868738651276, 0.1764378696680069, 0.18090121448040009, 0.14615905284881592, 0.12609542906284332, 0.20853635668754578, 0.13702937960624695, 0.10400702059268951, 0.11590063571929932, 0.19877250492572784, 0.09658478945493698, 0.10166451334953308, 0.11381567269563675, 0.09081793576478958, 0.09231632947921753, 0.11363723129034042, 0.0932297483086586, 0.08691481500864029, 0.0853952169418335, 0.08705411106348038, 0.10104886442422867, 0.11857052147388458, 0.07477440685033798, 0.08992283791303635, 0.07425157725811005, 0.09731271117925644, 0.07627786695957184, 0.09583307802677155, 0.06287402659654617, 0.07155373692512512, 0.07398757338523865, 0.06847940385341644, 0.06101634353399277, 0.07465758174657822, 0.06945991516113281, 0.06885888427495956, 0.05303993448615074, 0.06269542872905731, 0.05729116126894951, 0.06758908182382584, 0.0648481547832489]
 acc:
[0.389, 0.4466, 0.7664, 0.7418, 0.8652, 0.8615,
 0.9139, 0.8902, 0.9125, 0.9354, 0.9433, 0.9413,
 0.9491, 0.9586, 0.9339, 0.9596, 0.9676, 0.9656,
 0.9318, 0.9697, 0.9677, 0.9646, 0.9707, 0.9694,
  0.9637, 0.9696, 0.9734, 0.9726, 0.9732, 0.9681,
   0.9639, 0.9759, 0.9702, 0.9765, 0.9689, 0.9758,
   0.9683, 0.98, 0.9767, 0.9763, 0.9783, 0.98, 0.9784,
   0.978, 0.9769, 0.9819, 0.9816, 0.9816, 0.9791, 0.9797]