loss:
[2.503007650375366, 2.906768560409546, 2.6128666400909424, 2.2889654636383057, 2.669402837753296, 2.6820459365844727, 2.387329339981079, 2.5400919914245605, 2.3603909015655518, 2.938164234161377, 2.5294320583343506, 2.3052098751068115, 2.8348610401153564, 2.3089256286621094, 2.497748851776123, 3.1935737133026123, 3.4403257369995117, 2.447979211807251, 2.8393640518188477, 2.7921202182769775, 2.8400495052337646, 2.412010431289673, 2.7430176734924316, 3.143261432647705, 2.301799774169922, 2.437084197998047, 3.213613510131836, 2.871797561645508, 2.7982747554779053, 2.6043548583984375, 2.574061632156372, 2.392620801925659, 2.91267728805542, 2.255467176437378, 2.2123630046844482, 2.9322731494903564, 2.5054047107696533, 3.058375835418701, 2.885343313217163, 2.7986745834350586, 2.7933192253112793, 2.2689919471740723, 2.3975064754486084, 2.6492466926574707, 2.9109225273132324, 2.439007520675659, 2.305978298187256, 2.1839938163757324, 2.65248703956604, 2.3141093254089355, 2.297238826751709, 2.424328327178955, 2.8962271213531494, 2.4865241050720215, 2.2100253105163574, 2.9378061294555664, 2.862403154373169, 2.570438861846924, 2.4453351497650146, 2.7396163940429688, 2.165534257888794, 2.1558995246887207, 2.3138883113861084, 2.3130850791931152, 3.084292411804199, 2.6877803802490234, 2.1052796840667725, 2.3983960151672363, 2.2998507022857666, 2.35894775390625, 2.1337437629699707, 2.122657537460327, 2.43707275390625, 2.3415794372558594, 2.501589298248291, 2.186319351196289, 2.4667162895202637, 2.1082332134246826, 2.1915194988250732, 2.2634596824645996, 2.154634475708008, 2.376112222671509, 2.572932004928589, 2.181945562362671, 2.438473701477051, 2.3396286964416504, 2.02544903755188, 2.7570126056671143, 2.19936466217041, 2.1976375579833984, 1.9758943319320679, 2.477823495864868, 2.3709306716918945, 2.265740394592285, 2.0431630611419678, 2.1907293796539307, 2.0425188541412354, 2.601292848587036, 2.101654529571533, 2.2136828899383545]
 acc:
[0.1, 0.1, 0.1648, 0.1813, 0.1725, 0.1667, 0.1936, 0.2001, 0.2018, 0.1764, 0.1805,
 0.1892, 0.1684, 0.2072, 0.1736, 0.1953, 0.1603, 0.1806, 0.1556, 0.1485, 0.1616, 0.1932, 0.2095,
 0.1794, 0.2217, 0.2039, 0.1411, 0.1495, 0.1698, 0.1939, 0.1962, 0.2096, 0.1781, 0.23, 0.2425,
 0.1718, 0.2072, 0.1618, 0.1997, 0.1615, 0.1633, 0.2189, 0.2218, 0.1879, 0.1971, 0.2494, 0.2581,
  0.2735, 0.2443, 0.2581, 0.2365, 0.2222, 0.1958, 0.2011, 0.2566, 0.2463, 0.197, 0.1704, 0.2325,
  0.2395, 0.2313, 0.2584, 0.2428, 0.2343, 0.191, 0.2264, 0.2848, 0.2827, 0.2666, 0.2454, 0.2514, 0.2541,
   0.2425, 0.2138, 0.2317, 0.2695, 0.215, 0.2682, 0.2768, 0.2278, 0.288, 0.2373, 0.252, 0.2906, 0.2238,
    0.275, 0.2691, 0.2517, 0.2943, 0.2616, 0.3156, 0.262, 0.275, 0.2531, 0.3448, 0.2937, 0.2872, 0.206, 0.3057, 0.286]